PlanetsAspect,buy,sell,daysN,BuyDays%,SellDays%
JUNE_a0,45,40,85,0.53,0.47
JUNE_a103,49,40,89,0.55,0.45
JUNE_a120,65,64,129,0.5,0.5
JUNE_a135,48,38,86,0.56,0.44
JUNE_a144,58,63,121,0.48,0.52
JUNE_a150,62,55,117,0.53,0.47
JUNE_a180,18,19,37,0.49,0.51
JUNE_a30,56,58,114,0.49,0.51
JUNE_a36,79,56,135,0.59,0.41
JUNE_a45,28,15,43,0.65,0.35
JUNE_a60,98,63,161,0.61,0.39
JUNE_a72,56,60,116,0.48,0.52
JUNE_a90,72,82,154,0.47,0.53
JUPL_a0,49,50,99,0.49,0.51
JUPL_a103,40,33,73,0.55,0.45
JUPL_a120,58,50,108,0.54,0.46
JUPL_a135,10,15,25,0.4,0.6
JUPL_a144,29,48,77,0.38,0.62
JUPL_a150,48,64,112,0.43,0.57
JUPL_a180,33,27,60,0.55,0.45
JUPL_a30,60,60,120,0.5,0.5
JUPL_a36,61,78,139,0.44,0.56
JUPL_a45,81,71,152,0.53,0.47
JUPL_a60,44,59,103,0.43,0.57
JUPL_a72,50,51,101,0.5,0.5
JUPL_a90,92,74,166,0.55,0.45
JUSA_a0,17,10,27,0.63,0.37
JUSA_a103,83,78,161,0.52,0.48
JUSA_a120,83,80,163,0.51,0.49
JUSA_a135,47,43,90,0.52,0.48
JUSA_a144,40,31,71,0.56,0.44
JUSA_a150,35,39,74,0.47,0.53
JUSA_a180,20,30,50,0.4,0.6
JUSA_a30,51,61,112,0.46,0.54
JUSA_a36,10,12,22,0.45,0.55
JUSA_a45,57,55,112,0.51,0.49
JUSA_a60,69,78,147,0.47,0.53
JUSA_a72,88,89,177,0.5,0.5
JUSA_a90,68,56,124,0.55,0.45
JUUR_a0,49,38,87,0.56,0.44
JUUR_a103,64,45,109,0.59,0.41
JUUR_a120,50,64,114,0.44,0.56
JUUR_a135,45,56,101,0.45,0.55
JUUR_a144,61,59,120,0.51,0.49
JUUR_a150,53,82,135,0.39,0.61
JUUR_a180,29,41,70,0.41,0.59
JUUR_a30,87,82,169,0.51,0.49
JUUR_a36,99,74,173,0.57,0.43
JUUR_a45,9,22,31,0.29,0.71
JUUR_a60,74,73,147,0.5,0.5
JUUR_a72,31,17,48,0.65,0.35
JUUR_a90,77,79,156,0.49,0.51
MAJU_a0,27,25,52,0.52,0.48
MAJU_a103,39,47,86,0.45,0.55
MAJU_a120,33,42,75,0.44,0.56
MAJU_a135,44,54,98,0.45,0.55
MAJU_a144,45,34,79,0.57,0.43
MAJU_a150,45,58,103,0.44,0.56
MAJU_a180,38,30,68,0.56,0.44
MAJU_a30,45,51,96,0.47,0.53
MAJU_a36,51,39,90,0.57,0.43
MAJU_a45,45,41,86,0.52,0.48
MAJU_a60,39,44,83,0.47,0.53
MAJU_a72,76,50,126,0.6,0.4
MAJU_a90,47,54,101,0.47,0.53
MANE_a0,18,20,38,0.47,0.53
MANE_a103,47,57,104,0.45,0.55
MANE_a120,48,37,85,0.56,0.44
MANE_a135,63,55,118,0.53,0.47
MANE_a144,69,51,120,0.57,0.42
MANE_a150,44,57,101,0.44,0.56
MANE_a180,32,29,61,0.52,0.48
MANE_a30,48,56,104,0.46,0.54
MANE_a36,60,62,122,0.49,0.51
MANE_a45,55,65,120,0.46,0.54
MANE_a60,42,40,82,0.51,0.49
MANE_a72,45,34,79,0.57,0.43
MANE_a90,45,54,99,0.45,0.55
MAPL_a0,19,21,40,0.48,0.52
MAPL_a103,46,47,93,0.49,0.51
MAPL_a120,40,59,99,0.4,0.6
MAPL_a135,79,75,154,0.51,0.49
MAPL_a144,56,63,119,0.47,0.53
MAPL_a150,63,74,137,0.46,0.54
MAPL_a180,34,26,60,0.57,0.43
MAPL_a30,39,41,80,0.49,0.51
MAPL_a36,32,44,76,0.42,0.58
MAPL_a45,50,48,98,0.51,0.49
MAPL_a60,44,37,81,0.54,0.46
MAPL_a72,41,36,77,0.53,0.47
MAPL_a90,57,59,116,0.49,0.51
MASA_a0,28,23,51,0.55,0.45
MASA_a103,38,38,76,0.5,0.5
MASA_a120,30,35,65,0.46,0.54
MASA_a135,26,41,67,0.39,0.61
MASA_a144,31,36,67,0.46,0.54
MASA_a150,36,28,64,0.56,0.44
MASA_a180,17,13,30,0.57,0.43
MASA_a30,75,81,156,0.48,0.52
MASA_a36,76,73,149,0.51,0.49
MASA_a45,68,89,157,0.43,0.57
MASA_a60,67,80,147,0.46,0.54
MASA_a72,67,57,124,0.54,0.46
MASA_a90,81,58,139,0.58,0.42
MAUR_a0,19,22,41,0.46,0.54
MAUR_a103,61,43,104,0.59,0.41
MAUR_a120,47,37,84,0.56,0.44
MAUR_a135,62,60,122,0.51,0.49
MAUR_a144,68,59,127,0.54,0.46
MAUR_a150,77,73,150,0.51,0.49
MAUR_a180,30,25,55,0.55,0.45
MAUR_a30,43,35,78,0.55,0.45
MAUR_a36,43,38,81,0.53,0.47
MAUR_a45,37,41,78,0.47,0.53
MAUR_a60,55,46,101,0.54,0.46
MAUR_a72,42,60,102,0.41,0.59
MAUR_a90,67,42,109,0.61,0.39
MEJU_a0,40,37,77,0.52,0.48
MEJU_a103,41,46,87,0.47,0.53
MEJU_a120,40,50,90,0.44,0.56
MEJU_a135,55,57,112,0.49,0.51
MEJU_a144,52,51,103,0.5,0.5
MEJU_a150,38,26,64,0.59,0.41
MEJU_a180,13,23,36,0.36,0.64
MEJU_a30,68,57,125,0.54,0.46
MEJU_a36,63,80,143,0.44,0.56
MEJU_a45,67,64,131,0.51,0.49
MEJU_a60,50,44,94,0.53,0.47
MEJU_a72,66,48,114,0.58,0.42
MEJU_a90,47,50,97,0.48,0.52
MEMA_a0,53,48,101,0.52,0.48
MEMA_a103,56,62,118,0.47,0.53
MEMA_a120,31,21,52,0.6,0.4
MEMA_a135,24,17,41,0.59,0.41
MEMA_a144,19,21,40,0.48,0.52
MEMA_a150,20,24,44,0.45,0.55
MEMA_a180,12,5,17,0.71,0.29
MEMA_a30,85,71,156,0.54,0.46
MEMA_a36,74,52,126,0.59,0.41
MEMA_a45,109,83,192,0.57,0.43
MEMA_a60,55,73,128,0.43,0.57
MEMA_a72,70,67,137,0.51,0.49
MEMA_a90,55,54,109,0.5,0.5
MENE_a0,28,32,60,0.47,0.53
MENE_a103,55,41,96,0.57,0.43
MENE_a120,46,55,101,0.46,0.54
MENE_a135,49,71,120,0.41,0.59
MENE_a144,43,46,89,0.48,0.52
MENE_a150,45,45,90,0.5,0.5
MENE_a180,34,20,54,0.63,0.37
MENE_a30,58,64,122,0.48,0.52
MENE_a36,46,65,111,0.41,0.59
MENE_a45,69,48,117,0.59,0.41
MENE_a60,42,41,83,0.51,0.49
MENE_a72,67,63,130,0.52,0.48
MENE_a90,61,55,116,0.53,0.47
MEPL_a0,34,35,69,0.49,0.51
MEPL_a103,56,57,113,0.5,0.5
MEPL_a120,52,56,108,0.48,0.52
MEPL_a135,35,44,79,0.44,0.56
MEPL_a144,56,49,105,0.53,0.47
MEPL_a150,38,57,95,0.4,0.6
MEPL_a180,18,12,30,0.6,0.4
MEPL_a30,52,55,107,0.49,0.51
MEPL_a36,75,61,136,0.55,0.45
MEPL_a45,55,53,108,0.51,0.49
MEPL_a60,61,47,108,0.56,0.44
MEPL_a72,50,48,98,0.51,0.49
MEPL_a90,40,55,95,0.42,0.58
MESA_a0,27,26,53,0.51,0.49
MESA_a103,53,53,106,0.5,0.5
MESA_a120,46,54,100,0.46,0.54
MESA_a135,57,58,115,0.5,0.5
MESA_a144,39,48,87,0.45,0.55
MESA_a150,48,41,89,0.54,0.46
MESA_a180,26,22,48,0.54,0.46
MESA_a30,61,62,123,0.5,0.5
MESA_a36,52,58,110,0.47,0.53
MESA_a45,56,71,127,0.44,0.56
MESA_a60,57,49,106,0.54,0.46
MESA_a72,51,81,132,0.39,0.61
MESA_a90,50,48,98,0.51,0.49
MESU_a0,132,148,280,0.47,0.53
MEUR_a0,30,29,59,0.51,0.49
MEUR_a103,52,51,103,0.5,0.5
MEUR_a120,56,49,105,0.53,0.47
MEUR_a135,60,50,110,0.55,0.45
MEUR_a144,39,53,92,0.42,0.58
MEUR_a150,57,54,111,0.51,0.49
MEUR_a180,32,25,57,0.56,0.44
MEUR_a30,52,64,116,0.45,0.55
MEUR_a36,52,50,102,0.51,0.49
MEUR_a45,57,60,117,0.49,0.51
MEUR_a60,61,58,119,0.51,0.49
MEUR_a72,41,53,94,0.44,0.56
MEUR_a90,44,59,103,0.43,0.57
MEVE_a0,80,96,176,0.45,0.55
MEVE_a30,179,196,375,0.48,0.52
MEVE_a36,129,129,258,0.5,0.5
MEVE_a45,125,108,233,0.54,0.46
MEVE_a60,122,121,243,0.5,0.5
MEVE_a72,18,24,42,0.43,0.57
MOJU_a0,78,83,161,0.48,0.52
MOJU_a103,148,165,313,0.47,0.53
MOJU_a120,165,174,339,0.49,0.51
MOJU_a135,169,191,360,0.47,0.53
MOJU_a144,177,179,356,0.5,0.5
MOJU_a150,174,172,346,0.5,0.5
MOJU_a180,71,67,138,0.51,0.49
MOJU_a30,172,170,342,0.5,0.5
MOJU_a36,173,179,352,0.49,0.51
MOJU_a45,176,187,363,0.48,0.52
MOJU_a60,186,141,327,0.57,0.43
MOJU_a72,164,145,309,0.53,0.47
MOJU_a90,142,161,303,0.47,0.53
MOMA_a0,77,79,156,0.49,0.51
MOMA_a103,175,138,313,0.56,0.44
MOMA_a120,155,170,325,0.48,0.52
MOMA_a135,161,170,331,0.49,0.51
MOMA_a144,144,175,319,0.45,0.55
MOMA_a150,145,175,320,0.45,0.55
MOMA_a180,83,79,162,0.51,0.49
MOMA_a30,174,156,330,0.53,0.47
MOMA_a36,168,155,323,0.52,0.48
MOMA_a45,157,164,321,0.49,0.51
MOMA_a60,172,154,326,0.53,0.47
MOMA_a72,164,159,323,0.51,0.49
MOMA_a90,175,142,317,0.55,0.45
MOME_a0,73,83,156,0.47,0.53
MOME_a103,139,159,298,0.47,0.53
MOME_a120,172,160,332,0.52,0.48
MOME_a135,158,157,315,0.5,0.5
MOME_a144,155,151,306,0.51,0.49
MOME_a150,168,142,310,0.54,0.46
MOME_a180,73,84,157,0.46,0.54
MOME_a30,163,154,317,0.51,0.49
MOME_a36,163,155,318,0.51,0.49
MOME_a45,170,148,318,0.53,0.47
MOME_a60,158,155,313,0.5,0.5
MOME_a72,155,167,322,0.48,0.52
MOME_a90,148,157,305,0.49,0.51
MONE_a0,72,88,160,0.45,0.55
MONE_a103,167,164,331,0.5,0.5
MONE_a120,153,170,323,0.47,0.53
MONE_a135,164,166,330,0.5,0.5
MONE_a144,158,172,330,0.48,0.52
MONE_a150,152,173,325,0.47,0.53
MONE_a180,91,74,165,0.55,0.45
MONE_a30,163,165,328,0.5,0.5
MONE_a36,178,147,325,0.55,0.45
MONE_a45,174,152,326,0.53,0.47
MONE_a60,172,152,324,0.53,0.47
MONE_a72,180,151,331,0.54,0.46
MONE_a90,163,165,328,0.5,0.5
MOPL_a0,80,84,164,0.49,0.51
MOPL_a103,170,160,330,0.52,0.48
MOPL_a120,180,154,334,0.54,0.46
MOPL_a135,176,155,331,0.53,0.47
MOPL_a144,176,151,327,0.54,0.46
MOPL_a150,173,162,335,0.52,0.48
MOPL_a180,83,82,165,0.5,0.5
MOPL_a30,159,178,337,0.47,0.53
MOPL_a36,152,171,323,0.47,0.53
MOPL_a45,154,172,326,0.47,0.53
MOPL_a60,156,176,332,0.47,0.53
MOPL_a72,172,157,329,0.52,0.48
MOPL_a90,178,158,336,0.53,0.47
MOSA_a0,79,86,165,0.48,0.52
MOSA_a103,168,162,330,0.51,0.49
MOSA_a120,152,167,319,0.48,0.52
MOSA_a135,177,153,330,0.54,0.46
MOSA_a144,172,152,324,0.53,0.47
MOSA_a150,162,159,321,0.5,0.5
MOSA_a180,89,73,162,0.55,0.45
MOSA_a30,176,155,331,0.53,0.47
MOSA_a36,157,172,329,0.48,0.52
MOSA_a45,161,168,329,0.49,0.51
MOSA_a60,182,153,335,0.54,0.46
MOSA_a72,158,168,326,0.48,0.52
MOSA_a90,162,170,332,0.49,0.51
MOSU_a0,76,81,157,0.48,0.52
MOSU_a103,153,159,312,0.49,0.51
MOSU_a120,141,168,309,0.46,0.54
MOSU_a135,167,145,312,0.54,0.46
MOSU_a144,144,167,311,0.46,0.54
MOSU_a150,141,168,309,0.46,0.54
MOSU_a180,79,79,158,0.5,0.5
MOSU_a30,164,146,310,0.53,0.47
MOSU_a36,163,148,311,0.52,0.48
MOSU_a45,166,136,302,0.55,0.45
MOSU_a60,142,172,314,0.45,0.55
MOSU_a72,152,164,316,0.48,0.52
MOSU_a90,155,158,313,0.5,0.5
MOUR_a0,86,78,164,0.52,0.48
MOUR_a103,165,164,329,0.5,0.5
MOUR_a120,166,163,329,0.5,0.5
MOUR_a135,168,163,331,0.51,0.49
MOUR_a144,162,168,330,0.49,0.51
MOUR_a150,161,173,334,0.48,0.52
MOUR_a180,74,88,162,0.46,0.54
MOUR_a30,171,156,327,0.52,0.48
MOUR_a36,177,152,329,0.54,0.46
MOUR_a45,168,167,335,0.5,0.5
MOUR_a60,158,170,328,0.48,0.52
MOUR_a72,152,175,327,0.46,0.54
MOUR_a90,165,161,326,0.51,0.49
MOVE_a0,78,71,149,0.52,0.48
MOVE_a103,144,166,310,0.46,0.54
MOVE_a120,148,156,304,0.49,0.51
MOVE_a135,154,167,321,0.48,0.52
MOVE_a144,150,152,302,0.5,0.5
MOVE_a150,156,153,309,0.5,0.5
MOVE_a180,78,76,154,0.51,0.49
MOVE_a30,150,162,312,0.48,0.52
MOVE_a36,152,161,313,0.49,0.51
MOVE_a45,154,149,303,0.51,0.49
MOVE_a60,159,156,315,0.5,0.5
MOVE_a72,175,141,316,0.55,0.45
MOVE_a90,158,154,312,0.51,0.49
SANE_a103,67,60,127,0.53,0.47
SANE_a120,78,76,154,0.51,0.49
SANE_a135,37,38,75,0.49,0.51
SANE_a144,75,79,154,0.49,0.51
SANE_a150,95,96,191,0.5,0.5
SANE_a180,38,36,74,0.51,0.49
SANE_a45,11,10,21,0.52,0.48
SANE_a60,56,65,121,0.46,0.54
SANE_a72,58,60,118,0.49,0.51
SANE_a90,65,57,122,0.53,0.47
SAPL_a0,18,16,34,0.53,0.47
SAPL_a103,36,49,85,0.42,0.58
SAPL_a120,65,56,121,0.54,0.46
SAPL_a135,36,42,78,0.46,0.54
SAPL_a144,65,54,119,0.55,0.45
SAPL_a150,25,46,71,0.35,0.65
SAPL_a30,45,53,98,0.46,0.54
SAPL_a36,58,52,110,0.53,0.47
SAPL_a45,65,59,124,0.52,0.48
SAPL_a60,66,58,124,0.53,0.47
SAPL_a72,53,53,106,0.5,0.5
SAPL_a90,52,65,117,0.44,0.56
SAUR_a103,109,98,207,0.53,0.47
SAUR_a120,67,75,142,0.47,0.53
SAUR_a135,107,106,213,0.5,0.5
SAUR_a144,148,130,278,0.53,0.47
SAUR_a150,112,121,233,0.48,0.52
SAUR_a180,65,74,139,0.47,0.53
SUJU_a0,32,27,59,0.54,0.46
SUJU_a103,56,49,105,0.53,0.47
SUJU_a120,55,44,99,0.56,0.44
SUJU_a135,54,44,98,0.55,0.45
SUJU_a144,50,49,99,0.51,0.49
SUJU_a150,45,50,95,0.47,0.53
SUJU_a180,26,18,44,0.59,0.41
SUJU_a30,62,61,123,0.5,0.5
SUJU_a36,71,57,128,0.55,0.45
SUJU_a45,56,55,111,0.5,0.5
SUJU_a60,52,62,114,0.46,0.54
SUJU_a72,50,55,105,0.48,0.52
SUJU_a90,58,49,107,0.54,0.46
SUMA_a0,44,39,83,0.53,0.47
SUMA_a103,44,41,85,0.52,0.48
SUMA_a120,30,30,60,0.5,0.5
SUMA_a135,26,25,51,0.51,0.49
SUMA_a144,23,20,43,0.53,0.47
SUMA_a150,24,19,43,0.56,0.44
SUMA_a180,9,10,19,0.47,0.53
SUMA_a30,84,77,161,0.52,0.48
SUMA_a36,80,68,148,0.54,0.46
SUMA_a45,77,73,150,0.51,0.49
SUMA_a60,76,64,140,0.54,0.46
SUMA_a72,58,74,132,0.44,0.56
SUMA_a90,56,49,105,0.53,0.47
SUNE_a0,24,29,53,0.45,0.55
SUNE_a103,54,55,109,0.5,0.5
SUNE_a120,55,51,106,0.52,0.48
SUNE_a135,44,55,99,0.44,0.56
SUNE_a144,69,48,117,0.59,0.41
SUNE_a150,47,67,114,0.41,0.59
SUNE_a180,27,18,45,0.6,0.4
SUNE_a30,60,49,109,0.55,0.45
SUNE_a36,61,52,113,0.54,0.46
SUNE_a45,56,51,107,0.52,0.48
SUNE_a60,62,50,112,0.55,0.45
SUNE_a72,56,44,100,0.56,0.44
SUNE_a90,63,49,112,0.56,0.44
SUPL_a0,28,28,56,0.5,0.5
SUPL_a103,58,51,109,0.53,0.47
SUPL_a120,56,48,104,0.54,0.46
SUPL_a135,41,63,104,0.39,0.61
SUPL_a144,61,52,113,0.54,0.46
SUPL_a150,48,56,104,0.46,0.54
SUPL_a180,19,30,49,0.39,0.61
SUPL_a30,55,47,102,0.54,0.46
SUPL_a36,54,52,106,0.51,0.49
SUPL_a45,53,49,102,0.52,0.48
SUPL_a60,57,54,111,0.51,0.49
SUPL_a72,53,50,103,0.51,0.49
SUPL_a90,55,54,109,0.5,0.5
SUSA_a0,37,25,62,0.6,0.4
SUSA_a103,50,55,105,0.48,0.52
SUSA_a120,57,44,101,0.56,0.44
SUSA_a135,41,51,92,0.45,0.55
SUSA_a144,54,44,98,0.55,0.45
SUSA_a150,42,46,88,0.48,0.52
SUSA_a180,23,23,46,0.5,0.5
SUSA_a30,67,53,120,0.56,0.44
SUSA_a36,61,57,118,0.52,0.48
SUSA_a45,55,51,106,0.52,0.48
SUSA_a60,47,67,114,0.41,0.59
SUSA_a72,54,49,103,0.52,0.48
SUSA_a90,59,43,102,0.58,0.42
SUUR_a0,30,26,56,0.54,0.46
SUUR_a103,56,50,106,0.53,0.47
SUUR_a120,60,43,103,0.58,0.42
SUUR_a135,55,47,102,0.54,0.46
SUUR_a144,47,54,101,0.47,0.53
SUUR_a150,44,52,96,0.46,0.54
SUUR_a180,28,20,48,0.58,0.42
SUUR_a30,60,51,111,0.54,0.46
SUUR_a36,52,60,112,0.46,0.54
SUUR_a45,42,67,109,0.39,0.61
SUUR_a60,58,52,110,0.53,0.47
SUUR_a72,51,60,111,0.46,0.54
SUUR_a90,53,56,109,0.49,0.51
URNE_a30,294,302,596,0.49,0.51
URNE_a36,299,326,625,0.48,0.52
URNE_a45,283,297,580,0.49,0.51
URPL_a103,170,160,330,0.52,0.48
URPL_a72,137,136,273,0.5,0.5
URPL_a90,256,282,538,0.48,0.52
VEJU_a0,30,30,60,0.5,0.5
VEJU_a103,60,41,101,0.59,0.41
VEJU_a120,54,41,95,0.57,0.43
VEJU_a135,60,55,115,0.52,0.48
VEJU_a144,67,57,124,0.54,0.46
VEJU_a150,38,38,76,0.5,0.5
VEJU_a180,21,27,48,0.44,0.56
VEJU_a30,43,76,119,0.36,0.64
VEJU_a36,71,59,130,0.55,0.45
VEJU_a45,51,52,103,0.5,0.5
VEJU_a60,55,76,131,0.42,0.58
VEJU_a72,54,60,114,0.47,0.53
VEJU_a90,50,56,106,0.47,0.53
VEMA_a0,49,41,90,0.54,0.46
VEMA_a103,67,55,122,0.55,0.45
VEMA_a120,38,51,89,0.43,0.57
VEMA_a135,25,21,46,0.54,0.46
VEMA_a144,24,16,40,0.6,0.4
VEMA_a150,22,18,40,0.55,0.45
VEMA_a180,4,15,19,0.21,0.79
VEMA_a30,65,68,133,0.49,0.51
VEMA_a36,76,48,124,0.61,0.39
VEMA_a45,74,70,144,0.51,0.49
VEMA_a60,76,82,158,0.48,0.52
VEMA_a72,50,51,101,0.5,0.5
VEMA_a90,53,60,113,0.47,0.53
VENE_a0,30,16,46,0.65,0.35
VENE_a103,61,54,115,0.53,0.47
VENE_a120,58,47,105,0.55,0.45
VENE_a135,45,57,102,0.44,0.56
VENE_a144,50,43,93,0.54,0.46
VENE_a150,53,36,89,0.6,0.4
VENE_a180,44,12,56,0.79,0.21
VENE_a30,52,72,124,0.42,0.58
VENE_a36,64,61,125,0.51,0.49
VENE_a45,49,58,107,0.46,0.54
VENE_a60,43,50,93,0.46,0.54
VENE_a72,37,50,87,0.43,0.57
VENE_a90,58,53,111,0.52,0.48
VEPL_a0,29,27,56,0.52,0.48
VEPL_a103,50,52,102,0.49,0.51
VEPL_a120,42,54,96,0.44,0.56
VEPL_a135,60,64,124,0.48,0.52
VEPL_a144,61,58,119,0.51,0.49
VEPL_a150,62,55,117,0.53,0.47
VEPL_a180,30,26,56,0.54,0.46
VEPL_a30,54,48,102,0.53,0.47
VEPL_a36,61,54,115,0.53,0.47
VEPL_a45,42,47,89,0.47,0.53
VEPL_a60,53,46,99,0.54,0.46
VEPL_a72,54,62,116,0.47,0.53
VEPL_a90,63,41,104,0.61,0.39
VESA_a0,34,19,53,0.64,0.36
VESA_a103,63,64,127,0.5,0.5
VESA_a120,44,52,96,0.46,0.54
VESA_a135,51,59,110,0.46,0.54
VESA_a144,37,44,81,0.46,0.54
VESA_a150,54,35,89,0.61,0.39
VESA_a180,22,18,40,0.55,0.45
VESA_a30,56,57,113,0.5,0.5
VESA_a36,67,51,118,0.57,0.43
VESA_a45,32,56,88,0.36,0.64
VESA_a60,63,42,105,0.6,0.4
VESA_a72,47,52,99,0.47,0.53
VESA_a90,52,64,116,0.45,0.55
VESU_a0,69,65,134,0.51,0.49
VESU_a30,180,166,346,0.52,0.48
VESU_a36,205,196,401,0.51,0.49
VESU_a45,487,477,964,0.51,0.49
VEUR_a0,20,30,50,0.4,0.6
VEUR_a103,45,60,105,0.43,0.57
VEUR_a120,52,55,107,0.49,0.51
VEUR_a135,36,51,87,0.41,0.59
VEUR_a144,48,38,86,0.56,0.44
VEUR_a150,68,59,127,0.54,0.46
VEUR_a180,25,21,46,0.54,0.46
VEUR_a30,46,56,102,0.45,0.55
VEUR_a36,57,62,119,0.48,0.52
VEUR_a45,70,50,120,0.58,0.42
VEUR_a60,44,68,112,0.39,0.61
VEUR_a72,51,65,116,0.44,0.56
VEUR_a90,45,45,90,0.5,0.5
