PlanetsAspect,buy,sell,daysN,BuyDays%,SellDays%
JUNE_a0,67,41,108,0.62,0.38
JUNE_a103,117,115,232,0.5,0.5
JUNE_a120,109,117,226,0.48,0.52
JUNE_a135,115,90,205,0.56,0.44
JUNE_a150,153,138,291,0.53,0.47
JUNE_a180,86,73,159,0.54,0.46
JUNE_a30,89,66,155,0.57,0.43
JUNE_a45,96,88,184,0.52,0.48
JUNE_a60,104,94,198,0.53,0.47
JUNE_a90,125,116,241,0.52,0.48
JUPL_a0,61,54,115,0.53,0.47
JUPL_a103,156,128,284,0.55,0.45
JUPL_a120,120,94,214,0.56,0.44
JUPL_a135,131,113,244,0.54,0.46
JUPL_a150,105,110,215,0.49,0.51
JUPL_a180,77,56,133,0.58,0.42
JUPL_a30,83,64,147,0.56,0.44
JUPL_a45,148,151,299,0.49,0.51
JUPL_a60,81,62,143,0.57,0.43
JUPL_a90,112,90,202,0.55,0.45
JUSA_a0,31,19,50,0.62,0.38
JUSA_a103,129,111,240,0.54,0.46
JUSA_a120,119,120,239,0.5,0.5
JUSA_a135,111,87,198,0.56,0.44
JUSA_a150,67,68,135,0.5,0.5
JUSA_a180,83,77,160,0.52,0.48
JUSA_a30,107,124,231,0.46,0.54
JUSA_a45,137,121,258,0.53,0.47
JUSA_a60,162,132,294,0.55,0.45
JUSA_a90,138,95,233,0.59,0.41
JUUR_a0,59,41,100,0.59,0.41
JUUR_a103,116,127,243,0.48,0.52
JUUR_a120,114,136,250,0.46,0.54
JUUR_a135,106,77,183,0.58,0.42
JUUR_a150,120,115,235,0.51,0.49
JUUR_a180,86,32,118,0.73,0.27
JUUR_a30,155,120,275,0.56,0.44
JUUR_a45,110,120,230,0.48,0.52
JUUR_a60,137,118,255,0.54,0.46
JUUR_a90,127,103,230,0.55,0.45
MAJU_a0,56,48,104,0.54,0.46
MAJU_a103,86,92,178,0.48,0.52
MAJU_a120,97,98,195,0.5,0.5
MAJU_a135,93,83,176,0.53,0.47
MAJU_a150,123,82,205,0.6,0.4
MAJU_a180,82,73,155,0.53,0.47
MAJU_a30,102,89,191,0.53,0.47
MAJU_a45,132,93,225,0.59,0.41
MAJU_a60,135,129,264,0.51,0.49
MAJU_a90,110,113,223,0.49,0.51
MANE_a0,43,41,84,0.51,0.49
MANE_a103,99,90,189,0.52,0.48
MANE_a120,90,98,188,0.48,0.52
MANE_a135,152,99,251,0.61,0.39
MANE_a150,119,119,238,0.5,0.5
MANE_a180,60,58,118,0.51,0.49
MANE_a30,100,108,208,0.48,0.52
MANE_a45,138,119,257,0.54,0.46
MANE_a60,105,75,180,0.58,0.42
MANE_a90,110,115,225,0.49,0.51
MAPL_a0,57,34,91,0.63,0.37
MAPL_a103,93,103,196,0.47,0.53
MAPL_a120,114,89,203,0.56,0.44
MAPL_a135,152,113,265,0.57,0.43
MAPL_a150,134,120,254,0.53,0.47
MAPL_a180,49,52,101,0.49,0.51
MAPL_a30,126,83,209,0.6,0.4
MAPL_a45,117,99,216,0.54,0.46
MAPL_a60,112,94,206,0.54,0.46
MAPL_a90,115,121,236,0.49,0.51
MASA_a0,55,53,108,0.51,0.49
MASA_a103,108,69,177,0.61,0.39
MASA_a120,106,87,193,0.55,0.45
MASA_a135,111,76,187,0.59,0.41
MASA_a150,90,101,191,0.47,0.53
MASA_a180,65,55,120,0.54,0.46
MASA_a30,122,122,244,0.5,0.5
MASA_a45,158,108,266,0.59,0.41
MASA_a60,139,92,231,0.6,0.4
MASA_a90,130,107,237,0.55,0.45
MAUR_a0,60,53,113,0.53,0.47
MAUR_a103,128,115,243,0.53,0.47
MAUR_a120,121,85,206,0.59,0.41
MAUR_a135,100,128,228,0.44,0.56
MAUR_a150,135,134,269,0.5,0.5
MAUR_a180,64,50,114,0.56,0.44
MAUR_a30,119,100,219,0.54,0.46
MAUR_a45,81,85,166,0.49,0.51
MAUR_a60,114,95,209,0.55,0.45
MAUR_a90,128,81,209,0.61,0.39
MEJU_a0,63,57,120,0.52,0.48
MEJU_a103,108,112,220,0.49,0.51
MEJU_a120,111,80,191,0.58,0.42
MEJU_a135,110,89,199,0.55,0.45
MEJU_a150,82,118,200,0.41,0.59
MEJU_a180,37,39,76,0.49,0.51
MEJU_a30,151,100,251,0.6,0.4
MEJU_a45,152,129,281,0.54,0.46
MEJU_a60,136,98,234,0.58,0.42
MEJU_a90,106,112,218,0.49,0.51
MEMA_a0,95,90,185,0.51,0.49
MEMA_a103,109,123,232,0.47,0.53
MEMA_a120,62,49,111,0.56,0.44
MEMA_a135,50,43,93,0.54,0.46
MEMA_a150,47,37,84,0.56,0.44
MEMA_a180,20,18,38,0.53,0.47
MEMA_a30,176,168,344,0.51,0.49
MEMA_a45,178,211,389,0.46,0.54
MEMA_a60,135,125,260,0.52,0.48
MEMA_a90,127,100,227,0.56,0.44
MENE_a0,70,56,126,0.56,0.44
MENE_a103,105,108,213,0.49,0.51
MENE_a120,119,123,242,0.49,0.51
MENE_a135,137,120,257,0.53,0.47
MENE_a150,84,102,186,0.45,0.55
MENE_a180,57,59,116,0.49,0.51
MENE_a30,131,105,236,0.56,0.44
MENE_a45,112,107,219,0.51,0.49
MENE_a60,106,92,198,0.54,0.46
MENE_a90,128,116,244,0.52,0.48
MEPL_a0,71,57,128,0.55,0.45
MEPL_a103,119,102,221,0.54,0.46
MEPL_a120,95,122,217,0.44,0.56
MEPL_a135,94,87,181,0.52,0.48
MEPL_a150,104,100,204,0.51,0.49
MEPL_a180,47,41,88,0.53,0.47
MEPL_a30,124,107,231,0.54,0.46
MEPL_a45,135,110,245,0.55,0.45
MEPL_a60,124,126,250,0.5,0.5
MEPL_a90,129,95,224,0.58,0.42
MESA_a0,63,64,127,0.5,0.5
MESA_a103,123,114,237,0.52,0.48
MESA_a120,121,88,209,0.58,0.42
MESA_a135,128,106,234,0.55,0.45
MESA_a150,99,97,196,0.51,0.49
MESA_a180,45,40,85,0.53,0.47
MESA_a30,111,128,239,0.46,0.54
MESA_a45,141,122,263,0.54,0.46
MESA_a60,119,115,234,0.51,0.49
MESA_a90,135,84,219,0.62,0.38
MESU_a0,325,265,590,0.55,0.45
MEUR_a0,71,52,123,0.58,0.42
MEUR_a103,132,88,220,0.6,0.4
MEUR_a120,113,130,243,0.47,0.53
MEUR_a135,123,121,244,0.5,0.5
MEUR_a150,113,116,229,0.49,0.51
MEUR_a180,55,52,107,0.51,0.49
MEUR_a30,117,133,250,0.47,0.53
MEUR_a45,118,117,235,0.5,0.5
MEUR_a60,129,104,233,0.55,0.45
MEUR_a90,125,106,231,0.54,0.46
MEVE_a0,192,169,361,0.53,0.47
MEVE_a30,358,327,685,0.52,0.48
MEVE_a45,244,222,466,0.52,0.48
MEVE_a60,212,198,410,0.52,0.48
MOJU_a0,168,161,329,0.51,0.49
MOJU_a103,366,328,694,0.53,0.47
MOJU_a120,412,302,714,0.58,0.42
MOJU_a135,400,327,727,0.55,0.45
MOJU_a150,383,332,715,0.54,0.46
MOJU_a180,184,142,326,0.56,0.44
MOJU_a30,367,353,720,0.51,0.49
MOJU_a45,378,341,719,0.53,0.47
MOJU_a60,369,336,705,0.52,0.48
MOJU_a90,347,315,662,0.52,0.48
MOMA_a0,179,147,326,0.55,0.45
MOMA_a103,350,327,677,0.52,0.48
MOMA_a120,362,314,676,0.54,0.46
MOMA_a135,365,319,684,0.53,0.47
MOMA_a150,346,336,682,0.51,0.49
MOMA_a180,173,167,340,0.51,0.49
MOMA_a30,380,307,687,0.55,0.45
MOMA_a45,400,287,687,0.58,0.42
MOMA_a60,374,310,684,0.55,0.45
MOMA_a90,355,319,674,0.53,0.47
MOME_a0,184,157,341,0.54,0.46
MOME_a103,345,283,628,0.55,0.45
MOME_a120,368,315,683,0.54,0.46
MOME_a135,346,320,666,0.52,0.48
MOME_a150,341,312,653,0.52,0.48
MOME_a180,155,163,318,0.49,0.51
MOME_a30,353,310,663,0.53,0.47
MOME_a45,355,322,677,0.52,0.48
MOME_a60,358,291,649,0.55,0.45
MOME_a90,355,303,658,0.54,0.46
MONE_a0,183,155,338,0.54,0.46
MONE_a103,374,323,697,0.54,0.46
MONE_a120,381,323,704,0.54,0.46
MONE_a135,376,323,699,0.54,0.46
MONE_a150,355,347,702,0.51,0.49
MONE_a180,179,173,352,0.51,0.49
MONE_a30,380,321,701,0.54,0.46
MONE_a45,368,330,698,0.53,0.47
MONE_a60,394,298,692,0.57,0.43
MONE_a90,354,346,700,0.51,0.49
MOPL_a0,181,170,351,0.52,0.48
MOPL_a103,387,317,704,0.55,0.45
MOPL_a120,367,330,697,0.53,0.47
MOPL_a135,388,316,704,0.55,0.45
MOPL_a150,375,331,706,0.53,0.47
MOPL_a180,188,163,351,0.54,0.46
MOPL_a30,355,349,704,0.5,0.5
MOPL_a45,357,338,695,0.51,0.49
MOPL_a60,365,325,690,0.53,0.47
MOPL_a90,379,334,713,0.53,0.47
MOSA_a0,187,166,353,0.53,0.47
MOSA_a103,375,332,707,0.53,0.47
MOSA_a120,379,314,693,0.55,0.45
MOSA_a135,370,335,705,0.52,0.48
MOSA_a150,341,345,686,0.5,0.5
MOSA_a180,176,170,346,0.51,0.49
MOSA_a30,365,324,689,0.53,0.47
MOSA_a45,376,311,687,0.55,0.45
MOSA_a60,390,307,697,0.56,0.44
MOSA_a90,359,347,706,0.51,0.49
MOSU_a0,182,153,335,0.54,0.46
MOSU_a103,374,290,664,0.56,0.44
MOSU_a120,358,302,660,0.54,0.46
MOSU_a135,327,331,658,0.5,0.5
MOSU_a150,358,300,658,0.54,0.46
MOSU_a180,180,150,330,0.55,0.45
MOSU_a30,352,310,662,0.53,0.47
MOSU_a45,353,301,654,0.54,0.46
MOSU_a60,359,318,677,0.53,0.47
MOSU_a90,350,313,663,0.53,0.47
MOUR_a0,183,170,353,0.52,0.48
MOUR_a103,378,319,697,0.54,0.46
MOUR_a120,338,355,693,0.49,0.51
MOUR_a135,368,337,705,0.52,0.48
MOUR_a150,376,330,706,0.53,0.47
MOUR_a180,177,176,353,0.5,0.5
MOUR_a30,386,306,692,0.56,0.44
MOUR_a45,384,318,702,0.55,0.45
MOUR_a60,395,300,695,0.57,0.43
MOUR_a90,369,335,704,0.52,0.48
MOVE_a0,181,143,324,0.56,0.44
MOVE_a103,350,309,659,0.53,0.47
MOVE_a120,335,312,647,0.52,0.48
MOVE_a135,357,314,671,0.53,0.47
MOVE_a150,371,285,656,0.57,0.43
MOVE_a180,155,166,321,0.48,0.52
MOVE_a30,375,291,666,0.56,0.44
MOVE_a45,365,295,660,0.55,0.45
MOVE_a60,368,297,665,0.55,0.45
MOVE_a90,337,327,664,0.51,0.49
NEPL_a60,439,358,797,0.55,0.45
SANE_a0,114,76,190,0.6,0.4
SANE_a103,122,101,223,0.55,0.45
SANE_a120,124,128,252,0.49,0.51
SANE_a135,76,65,141,0.54,0.46
SANE_a150,105,112,217,0.48,0.52
SANE_a180,40,33,73,0.55,0.45
SANE_a30,129,127,256,0.5,0.5
SANE_a45,127,118,245,0.52,0.48
SANE_a60,132,102,234,0.56,0.44
SANE_a90,114,95,209,0.55,0.45
SAPL_a0,17,14,31,0.55,0.45
SAPL_a103,76,96,172,0.44,0.56
SAPL_a120,102,99,201,0.51,0.49
SAPL_a135,88,71,159,0.55,0.45
SAPL_a150,98,94,192,0.51,0.49
SAPL_a180,42,49,91,0.46,0.54
SAPL_a30,151,119,270,0.56,0.44
SAPL_a45,106,121,227,0.47,0.53
SAPL_a60,129,98,227,0.57,0.43
SAPL_a90,126,108,234,0.54,0.46
SAUR_a0,117,120,237,0.49,0.51
SAUR_a103,193,164,357,0.54,0.46
SAUR_a120,118,84,202,0.58,0.42
SAUR_a135,140,115,255,0.55,0.45
SAUR_a150,121,107,228,0.53,0.47
SAUR_a180,68,70,138,0.49,0.51
SAUR_a30,147,147,294,0.5,0.5
SAUR_a45,66,76,142,0.46,0.54
SAUR_a60,76,67,143,0.53,0.47
SAUR_a90,49,32,81,0.6,0.4
SUJU_a0,70,51,121,0.58,0.42
SUJU_a103,125,95,220,0.57,0.43
SUJU_a120,113,89,202,0.56,0.44
SUJU_a135,101,101,202,0.5,0.5
SUJU_a150,110,84,194,0.57,0.43
SUJU_a180,52,38,90,0.58,0.42
SUJU_a30,133,131,264,0.5,0.5
SUJU_a45,126,120,246,0.51,0.49
SUJU_a60,124,123,247,0.5,0.5
SUJU_a90,117,108,225,0.52,0.48
SUMA_a0,96,80,176,0.55,0.45
SUMA_a103,98,93,191,0.51,0.49
SUMA_a120,73,59,132,0.55,0.45
SUMA_a135,58,53,111,0.52,0.48
SUMA_a150,46,48,94,0.49,0.51
SUMA_a180,19,24,43,0.44,0.56
SUMA_a30,173,150,323,0.54,0.46
SUMA_a45,165,151,316,0.52,0.48
SUMA_a60,140,158,298,0.47,0.53
SUMA_a90,119,106,225,0.53,0.47
SUNE_a0,63,45,108,0.58,0.42
SUNE_a103,114,116,230,0.5,0.5
SUNE_a120,129,98,227,0.57,0.43
SUNE_a135,128,98,226,0.57,0.43
SUNE_a150,125,115,240,0.52,0.48
SUNE_a180,45,61,106,0.42,0.58
SUNE_a30,120,105,225,0.53,0.47
SUNE_a45,132,84,216,0.61,0.39
SUNE_a60,145,77,222,0.65,0.35
SUNE_a90,122,113,235,0.52,0.48
SUPL_a0,54,51,105,0.51,0.49
SUPL_a103,119,113,232,0.51,0.49
SUPL_a120,130,103,233,0.56,0.44
SUPL_a135,122,98,220,0.55,0.45
SUPL_a150,99,125,224,0.44,0.56
SUPL_a180,59,52,111,0.53,0.47
SUPL_a30,110,106,216,0.51,0.49
SUPL_a45,116,106,222,0.52,0.48
SUPL_a60,119,116,235,0.51,0.49
SUPL_a90,125,100,225,0.56,0.44
SUSA_a0,61,60,121,0.5,0.5
SUSA_a103,122,99,221,0.55,0.45
SUSA_a120,99,110,209,0.47,0.53
SUSA_a135,103,103,206,0.5,0.5
SUSA_a150,101,94,195,0.52,0.48
SUSA_a180,52,48,100,0.52,0.48
SUSA_a30,135,109,244,0.55,0.45
SUSA_a45,132,98,230,0.57,0.43
SUSA_a60,126,108,234,0.54,0.46
SUSA_a90,131,91,222,0.59,0.41
SUUR_a0,68,46,114,0.6,0.4
SUUR_a103,129,91,220,0.59,0.41
SUUR_a120,112,112,224,0.5,0.5
SUUR_a135,113,112,225,0.5,0.5
SUUR_a150,111,111,222,0.5,0.5
SUUR_a180,56,53,109,0.51,0.49
SUUR_a30,110,110,220,0.5,0.5
SUUR_a45,117,107,224,0.52,0.48
SUUR_a60,113,116,229,0.49,0.51
SUUR_a90,119,105,224,0.53,0.47
URNE_a0,269,271,540,0.5,0.5
URNE_a30,323,267,590,0.55,0.45
URNE_a45,297,269,566,0.52,0.48
URPL_a103,163,157,320,0.51,0.49
URPL_a45,327,267,594,0.55,0.45
URPL_a60,374,276,650,0.58,0.42
URPL_a90,279,238,517,0.54,0.46
VEJU_a0,76,66,142,0.54,0.46
VEJU_a103,126,90,216,0.58,0.42
VEJU_a120,110,110,220,0.5,0.5
VEJU_a135,125,82,207,0.6,0.4
VEJU_a150,117,89,206,0.57,0.43
VEJU_a180,47,64,111,0.42,0.58
VEJU_a30,130,111,241,0.54,0.46
VEJU_a45,112,109,221,0.51,0.49
VEJU_a60,134,114,248,0.54,0.46
VEJU_a90,116,93,209,0.56,0.44
VEMA_a0,108,116,224,0.48,0.52
VEMA_a103,131,124,255,0.51,0.49
VEMA_a120,109,85,194,0.56,0.44
VEMA_a135,50,48,98,0.51,0.49
VEMA_a150,47,38,85,0.55,0.45
VEMA_a180,22,20,42,0.52,0.48
VEMA_a30,151,134,285,0.53,0.47
VEMA_a45,163,143,306,0.53,0.47
VEMA_a60,156,145,301,0.52,0.48
VEMA_a90,129,100,229,0.56,0.44
VENE_a0,57,53,110,0.52,0.48
VENE_a103,117,113,230,0.51,0.49
VENE_a120,99,109,208,0.48,0.52
VENE_a135,132,106,238,0.55,0.45
VENE_a150,111,121,232,0.48,0.52
VENE_a180,69,41,110,0.63,0.37
VENE_a30,124,104,228,0.54,0.46
VENE_a45,117,104,221,0.53,0.47
VENE_a60,103,113,216,0.48,0.52
VENE_a90,127,109,236,0.54,0.46
VEPL_a0,62,53,115,0.54,0.46
VEPL_a103,94,113,207,0.45,0.55
VEPL_a120,114,102,216,0.53,0.47
VEPL_a135,125,119,244,0.51,0.49
VEPL_a150,122,91,213,0.57,0.43
VEPL_a180,55,50,105,0.52,0.48
VEPL_a30,121,91,212,0.57,0.43
VEPL_a45,135,90,225,0.6,0.4
VEPL_a60,128,86,214,0.6,0.4
VEPL_a90,112,98,210,0.53,0.47
VESA_a0,55,58,113,0.49,0.51
VESA_a103,132,117,249,0.53,0.47
VESA_a120,119,105,224,0.53,0.47
VESA_a135,126,116,242,0.52,0.48
VESA_a150,110,82,192,0.57,0.43
VESA_a180,48,56,104,0.46,0.54
VESA_a30,125,100,225,0.56,0.44
VESA_a45,112,97,209,0.54,0.46
VESA_a60,111,110,221,0.5,0.5
VESA_a90,115,94,209,0.55,0.45
VESU_a0,153,143,296,0.52,0.48
VESU_a30,392,331,723,0.54,0.46
VESU_a45,1048,919,1967,0.53,0.47
VEUR_a0,64,43,107,0.6,0.4
VEUR_a103,99,117,216,0.46,0.54
VEUR_a120,110,115,225,0.49,0.51
VEUR_a135,108,103,211,0.51,0.49
VEUR_a150,120,107,227,0.53,0.47
VEUR_a180,74,44,118,0.63,0.37
VEUR_a30,118,100,218,0.54,0.46
VEUR_a45,118,118,236,0.5,0.5
VEUR_a60,113,103,216,0.52,0.48
VEUR_a90,112,85,197,0.57,0.43
