PlanetsAspect,buy,sell,daysN,BuyDays%,SellDays%
JUNE_a103,5,13,18,0.28,0.72
JUNE_a120,41,45,86,0.48,0.52
JUNE_a135,10,8,18,0.56,0.44
JUNE_a150,62,43,105,0.59,0.41
JUNE_a180,28,23,51,0.55,0.45
JUNE_a45,13,5,18,0.72,0.28
JUNE_a60,63,50,113,0.56,0.44
JUNE_a90,47,42,89,0.53,0.47
JUPL_a0,67,54,121,0.55,0.45
JUPL_a103,6,13,19,0.32,0.68
JUPL_a120,46,35,81,0.57,0.43
JUPL_a135,9,9,18,0.5,0.5
JUPL_a150,41,25,66,0.62,0.38
JUPL_a30,76,55,131,0.58,0.42
JUPL_a45,5,16,21,0.24,0.76
JUPL_a60,52,59,111,0.47,0.53
JUPL_a90,48,37,85,0.56,0.44
JUSA_a0,22,15,37,0.59,0.41
JUSA_a103,24,17,41,0.59,0.41
JUSA_a30,76,85,161,0.47,0.53
JUSA_a45,76,84,160,0.48,0.52
JUSA_a60,63,47,110,0.57,0.43
JUSA_a90,63,39,102,0.62,0.38
JUUR_a103,44,43,87,0.51,0.49
JUUR_a120,54,35,89,0.61,0.39
JUUR_a135,43,41,84,0.51,0.49
JUUR_a150,37,44,81,0.46,0.54
JUUR_a180,51,53,104,0.49,0.51
JUUR_a90,2,1,3,0.67,0.33
MAJU_a0,15,14,29,0.52,0.48
MAJU_a103,27,13,40,0.68,0.32
MAJU_a120,20,25,45,0.44,0.56
MAJU_a135,22,20,42,0.52,0.48
MAJU_a150,20,18,38,0.53,0.47
MAJU_a180,6,12,18,0.33,0.67
MAJU_a30,24,30,54,0.44,0.56
MAJU_a45,30,24,54,0.56,0.44
MAJU_a60,31,19,50,0.62,0.38
MAJU_a90,23,40,63,0.37,0.63
MANE_a0,12,15,27,0.44,0.56
MANE_a103,47,25,72,0.65,0.35
MANE_a120,16,28,44,0.36,0.64
MANE_a135,21,23,44,0.48,0.52
MANE_a150,23,21,44,0.52,0.48
MANE_a180,14,7,21,0.67,0.33
MANE_a30,43,51,94,0.46,0.54
MANE_a45,45,61,106,0.42,0.58
MANE_a60,22,28,50,0.44,0.56
MANE_a90,28,21,49,0.57,0.43
MAPL_a0,18,11,29,0.62,0.38
MAPL_a103,19,23,42,0.45,0.55
MAPL_a120,23,20,43,0.53,0.47
MAPL_a135,19,24,43,0.44,0.56
MAPL_a150,13,29,42,0.31,0.69
MAPL_a180,11,10,21,0.52,0.48
MAPL_a30,28,30,58,0.48,0.52
MAPL_a45,45,36,81,0.56,0.44
MAPL_a60,22,31,53,0.42,0.58
MAPL_a90,55,25,80,0.69,0.31
MASA_a0,11,14,25,0.44,0.56
MASA_a103,16,30,46,0.35,0.65
MASA_a120,24,17,41,0.59,0.41
MASA_a135,20,20,40,0.5,0.5
MASA_a150,15,23,38,0.39,0.61
MASA_a180,11,9,20,0.55,0.45
MASA_a30,47,52,99,0.47,0.53
MASA_a45,28,29,57,0.49,0.51
MASA_a60,29,26,55,0.53,0.47
MASA_a90,49,38,87,0.56,0.44
MAUR_a0,10,10,20,0.5,0.5
MAUR_a103,30,20,50,0.6,0.4
MAUR_a120,19,31,50,0.38,0.62
MAUR_a135,54,25,79,0.68,0.32
MAUR_a150,48,42,90,0.53,0.47
MAUR_a180,12,10,22,0.55,0.45
MAUR_a30,26,22,48,0.54,0.46
MAUR_a45,23,27,50,0.46,0.54
MAUR_a60,23,26,49,0.47,0.53
MAUR_a90,42,44,86,0.49,0.51
MEJU_a0,24,25,49,0.49,0.51
MEJU_a103,13,25,38,0.34,0.66
MEJU_a120,31,28,59,0.53,0.47
MEJU_a135,40,36,76,0.53,0.47
MEJU_a150,17,22,39,0.44,0.56
MEJU_a180,10,9,19,0.53,0.47
MEJU_a30,35,39,74,0.47,0.53
MEJU_a45,45,39,84,0.54,0.46
MEJU_a60,27,31,58,0.47,0.53
MEJU_a90,26,38,64,0.41,0.59
MEMA_a0,29,20,49,0.59,0.41
MEMA_a103,30,39,69,0.43,0.57
MEMA_a120,16,5,21,0.76,0.24
MEMA_a135,13,7,20,0.65,0.35
MEMA_a150,10,10,20,0.5,0.5
MEMA_a180,4,6,10,0.4,0.6
MEMA_a30,43,31,74,0.58,0.42
MEMA_a45,68,58,126,0.54,0.46
MEMA_a60,42,30,72,0.58,0.42
MEMA_a90,37,39,76,0.49,0.51
MENE_a0,25,11,36,0.69,0.31
MENE_a103,26,37,63,0.41,0.59
MENE_a120,29,22,51,0.57,0.43
MENE_a135,39,36,75,0.52,0.48
MENE_a150,22,38,60,0.37,0.63
MENE_a180,14,12,26,0.54,0.46
MENE_a30,28,37,65,0.43,0.57
MENE_a45,33,33,66,0.5,0.5
MENE_a60,25,27,52,0.48,0.52
MENE_a90,28,49,77,0.36,0.64
MEPL_a0,26,21,47,0.55,0.45
MEPL_a103,41,26,67,0.61,0.39
MEPL_a120,40,27,67,0.6,0.4
MEPL_a135,31,20,51,0.61,0.39
MEPL_a150,23,29,52,0.44,0.56
MEPL_a180,9,10,19,0.47,0.53
MEPL_a30,43,26,69,0.62,0.38
MEPL_a45,34,35,69,0.49,0.51
MEPL_a60,25,40,65,0.38,0.62
MEPL_a90,31,26,57,0.54,0.46
MESA_a0,24,16,40,0.6,0.4
MESA_a103,31,22,53,0.58,0.42
MESA_a120,28,24,52,0.54,0.46
MESA_a135,17,34,51,0.33,0.67
MESA_a150,40,13,53,0.75,0.25
MESA_a180,13,7,20,0.65,0.35
MESA_a30,51,38,89,0.57,0.43
MESA_a45,38,48,86,0.44,0.56
MESA_a60,52,43,95,0.55,0.45
MESA_a90,35,30,65,0.54,0.46
MESU_a0,92,81,173,0.53,0.47
MEUR_a0,23,15,38,0.61,0.39
MEUR_a103,34,30,64,0.53,0.47
MEUR_a120,35,29,64,0.55,0.45
MEUR_a135,32,28,60,0.53,0.47
MEUR_a150,28,42,70,0.4,0.6
MEUR_a180,24,13,37,0.65,0.35
MEUR_a30,47,24,71,0.66,0.34
MEUR_a45,48,27,75,0.64,0.36
MEUR_a60,40,37,77,0.52,0.48
MEUR_a90,28,34,62,0.45,0.55
MEVE_a0,33,43,76,0.43,0.57
MEVE_a30,102,107,209,0.49,0.51
MEVE_a45,64,76,140,0.46,0.54
MEVE_a60,53,42,95,0.56,0.44
MOJU_a0,48,63,111,0.43,0.57
MOJU_a103,91,115,206,0.44,0.56
MOJU_a120,108,108,216,0.5,0.5
MOJU_a135,110,105,215,0.51,0.49
MOJU_a150,111,105,216,0.51,0.49
MOJU_a180,49,57,106,0.46,0.54
MOJU_a30,116,95,211,0.55,0.45
MOJU_a45,125,86,211,0.59,0.41
MOJU_a60,112,99,211,0.53,0.47
MOJU_a90,102,110,212,0.48,0.52
MOMA_a0,48,58,106,0.45,0.55
MOMA_a103,92,104,196,0.47,0.53
MOMA_a120,105,102,207,0.51,0.49
MOMA_a135,112,95,207,0.54,0.46
MOMA_a150,116,87,203,0.57,0.43
MOMA_a180,53,53,106,0.5,0.5
MOMA_a30,102,108,210,0.49,0.51
MOMA_a45,116,95,211,0.55,0.45
MOMA_a60,113,93,206,0.55,0.45
MOMA_a90,93,105,198,0.47,0.53
MOME_a0,55,47,102,0.54,0.46
MOME_a103,97,103,200,0.48,0.52
MOME_a120,101,99,200,0.5,0.5
MOME_a135,102,103,205,0.5,0.5
MOME_a150,110,89,199,0.55,0.45
MOME_a180,42,53,95,0.44,0.56
MOME_a30,102,101,203,0.5,0.5
MOME_a45,99,104,203,0.49,0.51
MOME_a60,107,88,195,0.55,0.45
MOME_a90,99,104,203,0.49,0.51
MONE_a0,56,54,110,0.51,0.49
MONE_a103,97,120,217,0.45,0.55
MONE_a120,116,97,213,0.54,0.46
MONE_a135,117,96,213,0.55,0.45
MONE_a150,113,95,208,0.54,0.46
MONE_a180,48,53,101,0.48,0.52
MONE_a30,102,111,213,0.48,0.52
MONE_a45,114,101,215,0.53,0.47
MONE_a60,114,94,208,0.55,0.45
MONE_a90,89,123,212,0.42,0.58
MOPL_a0,57,48,105,0.54,0.46
MOPL_a103,108,108,216,0.5,0.5
MOPL_a120,108,106,214,0.5,0.5
MOPL_a135,100,109,209,0.48,0.52
MOPL_a150,102,111,213,0.48,0.52
MOPL_a180,66,43,109,0.61,0.39
MOPL_a30,109,112,221,0.49,0.51
MOPL_a45,106,107,213,0.5,0.5
MOPL_a60,105,106,211,0.5,0.5
MOPL_a90,110,107,217,0.51,0.49
MOSA_a0,58,52,110,0.53,0.47
MOSA_a103,100,112,212,0.47,0.53
MOSA_a120,107,108,215,0.5,0.5
MOSA_a135,107,101,208,0.51,0.49
MOSA_a150,117,89,206,0.57,0.43
MOSA_a180,53,53,106,0.5,0.5
MOSA_a30,122,95,217,0.56,0.44
MOSA_a45,110,112,222,0.5,0.5
MOSA_a60,97,122,219,0.44,0.56
MOSA_a90,108,104,212,0.51,0.49
MOSU_a0,55,41,96,0.57,0.43
MOSU_a103,90,109,199,0.45,0.55
MOSU_a120,103,97,200,0.52,0.48
MOSU_a135,121,86,207,0.58,0.42
MOSU_a150,100,97,197,0.51,0.49
MOSU_a180,47,50,97,0.48,0.52
MOSU_a30,111,96,207,0.54,0.46
MOSU_a45,100,99,199,0.5,0.5
MOSU_a60,92,108,200,0.46,0.54
MOSU_a90,95,103,198,0.48,0.52
MOUR_a0,51,55,106,0.48,0.52
MOUR_a103,117,97,214,0.55,0.45
MOUR_a120,106,113,219,0.48,0.52
MOUR_a135,99,117,216,0.46,0.54
MOUR_a150,107,104,211,0.51,0.49
MOUR_a180,56,48,104,0.54,0.46
MOUR_a30,104,108,212,0.49,0.51
MOUR_a45,94,112,206,0.46,0.54
MOUR_a60,99,117,216,0.46,0.54
MOUR_a90,132,83,215,0.61,0.39
MOVE_a0,63,43,106,0.59,0.41
MOVE_a103,107,96,203,0.53,0.47
MOVE_a120,97,95,192,0.51,0.49
MOVE_a135,105,92,197,0.53,0.47
MOVE_a150,100,105,205,0.49,0.51
MOVE_a180,50,49,99,0.51,0.49
MOVE_a30,104,93,197,0.53,0.47
MOVE_a45,102,82,184,0.55,0.45
MOVE_a60,80,116,196,0.41,0.59
MOVE_a90,95,111,206,0.46,0.54
SANE_a103,21,27,48,0.44,0.56
SANE_a45,9,4,13,0.69,0.31
SANE_a60,91,82,173,0.53,0.47
SANE_a90,92,79,171,0.54,0.46
SAPL_a0,31,18,49,0.63,0.37
SAPL_a30,79,58,137,0.58,0.42
SAPL_a45,86,91,177,0.49,0.51
SAUR_a103,158,134,292,0.54,0.46
SAUR_a120,94,90,184,0.51,0.49
SAUR_a135,86,86,172,0.5,0.5
SUJU_a0,10,20,30,0.33,0.67
SUJU_a103,31,31,62,0.5,0.5
SUJU_a120,23,36,59,0.39,0.61
SUJU_a135,23,34,57,0.4,0.6
SUJU_a150,29,29,58,0.5,0.5
SUJU_a180,14,13,27,0.52,0.48
SUJU_a30,35,31,66,0.53,0.47
SUJU_a45,39,33,72,0.54,0.46
SUJU_a60,31,38,69,0.45,0.55
SUJU_a90,37,27,64,0.58,0.42
SUMA_a0,24,18,42,0.57,0.43
SUMA_a103,28,26,54,0.52,0.48
SUMA_a120,26,17,43,0.6,0.4
SUMA_a135,14,19,33,0.42,0.58
SUMA_a150,15,11,26,0.58,0.42
SUMA_a180,6,6,12,0.5,0.5
SUMA_a30,39,44,83,0.47,0.53
SUMA_a45,46,36,82,0.56,0.44
SUMA_a60,44,37,81,0.54,0.46
SUMA_a90,21,37,58,0.36,0.64
SUNE_a0,20,10,30,0.67,0.33
SUNE_a103,36,29,65,0.55,0.45
SUNE_a120,42,24,66,0.64,0.36
SUNE_a135,33,31,64,0.52,0.48
SUNE_a150,24,41,65,0.37,0.63
SUNE_a180,15,15,30,0.5,0.5
SUNE_a30,40,23,63,0.63,0.37
SUNE_a45,23,37,60,0.38,0.62
SUNE_a60,40,26,66,0.61,0.39
SUNE_a90,33,31,64,0.52,0.48
SUPL_a0,13,18,31,0.42,0.58
SUPL_a103,36,28,64,0.56,0.44
SUPL_a120,34,29,63,0.54,0.46
SUPL_a135,36,24,60,0.6,0.4
SUPL_a150,32,29,61,0.52,0.48
SUPL_a180,9,21,30,0.3,0.7
SUPL_a30,35,31,66,0.53,0.47
SUPL_a45,30,35,65,0.46,0.54
SUPL_a60,23,42,65,0.35,0.65
SUPL_a90,26,39,65,0.4,0.6
SUSA_a0,19,13,32,0.59,0.41
SUSA_a103,25,37,62,0.4,0.6
SUSA_a120,26,34,60,0.43,0.57
SUSA_a135,33,27,60,0.55,0.45
SUSA_a150,32,27,59,0.54,0.46
SUSA_a180,17,11,28,0.61,0.39
SUSA_a30,34,36,70,0.49,0.51
SUSA_a45,33,37,70,0.47,0.53
SUSA_a60,35,26,61,0.57,0.43
SUSA_a90,25,37,62,0.4,0.6
SUUR_a0,21,11,32,0.66,0.34
SUUR_a103,40,21,61,0.66,0.34
SUUR_a120,38,25,63,0.6,0.4
SUUR_a135,20,44,64,0.31,0.69
SUUR_a150,24,39,63,0.38,0.62
SUUR_a180,19,15,34,0.56,0.44
SUUR_a30,30,33,63,0.48,0.52
SUUR_a45,40,24,64,0.62,0.38
SUUR_a60,31,30,61,0.51,0.49
SUUR_a90,33,29,62,0.53,0.47
URNE_a45,420,404,824,0.51,0.49
URPL_a103,218,231,449,0.49,0.51
URPL_a90,119,148,267,0.45,0.55
VEJU_a0,20,21,41,0.49,0.51
VEJU_a103,28,25,53,0.53,0.47
VEJU_a120,27,27,54,0.5,0.5
VEJU_a135,36,36,72,0.5,0.5
VEJU_a150,18,31,49,0.37,0.63
VEJU_a180,15,9,24,0.62,0.38
VEJU_a30,46,18,64,0.72,0.28
VEJU_a45,31,26,57,0.54,0.46
VEJU_a60,29,28,57,0.51,0.49
VEJU_a90,27,25,52,0.52,0.48
VEMA_a0,17,24,41,0.41,0.59
VEMA_a103,16,38,54,0.3,0.7
VEMA_a120,33,34,67,0.49,0.51
VEMA_a135,16,10,26,0.62,0.38
VEMA_a150,13,13,26,0.5,0.5
VEMA_a180,7,6,13,0.54,0.46
VEMA_a30,34,41,75,0.45,0.55
VEMA_a45,60,40,100,0.6,0.4
VEMA_a60,34,39,73,0.47,0.53
VEMA_a90,26,34,60,0.43,0.57
VENE_a0,9,16,25,0.36,0.64
VENE_a103,31,24,55,0.56,0.44
VENE_a120,36,21,57,0.63,0.37
VENE_a135,43,34,77,0.56,0.44
VENE_a150,19,37,56,0.34,0.66
VENE_a180,11,16,27,0.41,0.59
VENE_a30,42,40,82,0.51,0.49
VENE_a45,35,17,52,0.67,0.33
VENE_a60,28,24,52,0.54,0.46
VENE_a90,48,40,88,0.55,0.45
VEPL_a0,11,15,26,0.42,0.58
VEPL_a103,19,37,56,0.34,0.66
VEPL_a120,24,29,53,0.45,0.55
VEPL_a135,51,51,102,0.5,0.5
VEPL_a150,33,34,67,0.49,0.51
VEPL_a180,13,13,26,0.5,0.5
VEPL_a30,24,30,54,0.44,0.56
VEPL_a45,32,25,57,0.56,0.44
VEPL_a60,33,29,62,0.53,0.47
VEPL_a90,28,27,55,0.51,0.49
VESA_a0,18,8,26,0.69,0.31
VESA_a103,41,66,107,0.38,0.62
VESA_a120,33,22,55,0.6,0.4
VESA_a135,50,23,73,0.68,0.32
VESA_a150,24,28,52,0.46,0.54
VESA_a180,10,16,26,0.38,0.62
VESA_a30,31,30,61,0.51,0.49
VESA_a45,35,24,59,0.59,0.41
VESA_a60,39,38,77,0.51,0.49
VESA_a90,52,53,105,0.5,0.5
VESU_a0,34,46,80,0.42,0.57
VESU_a30,90,102,192,0.47,0.53
VESU_a45,261,226,487,0.54,0.46
VEUR_a0,15,11,26,0.58,0.42
VEUR_a103,30,22,52,0.58,0.42
VEUR_a120,34,33,67,0.51,0.49
VEUR_a135,33,23,56,0.59,0.41
VEUR_a150,34,22,56,0.61,0.39
VEUR_a180,20,29,49,0.41,0.59
VEUR_a30,36,39,75,0.48,0.52
VEUR_a45,39,34,73,0.53,0.47
VEUR_a60,28,24,52,0.54,0.46
VEUR_a90,31,23,54,0.57,0.43
